/* Comprehensive Zone-based FLF Problem Data */

data;

set NODES := 1 2 3 4 5;

set LINKS := 
  (1,2) (2,1) (1,3) (3,1) (2,3) (3,2) (2,4) (4,2) (3,4) (4,3) (3,5) (5,3) (4,5) (5,4);

set TYPES := 1 2 3;

set REQUESTS := 
  (1,3,1) (1,4,2) (1,5,3) (2,4,1) (2,5,2) (3,5,3);

param S :=
  1 2
  2 4
  3 6;

param c :=
  1 10
  2 10
  3 10;

param delta default 0 :=
# Request (1,3,1)
[1,3,1,1,2,1] 1  [1,3,1,2,3,1] 1  [1,3,1,1,3,2] 1
[1,3,1,1,2,2] 0  [1,3,1,2,3,2] 0  [1,3,1,1,3,1] 0

# Request (1,4,2)
[1,4,2,1,2,1] 1  [1,4,2,2,4,1] 1  [1,4,2,1,3,2] 1  [1,4,2,3,4,2] 1
[1,4,2,1,2,2] 0  [1,4,2,2,4,2] 0  [1,4,2,1,3,1] 0  [1,4,2,3,4,1] 0

# Request (1,5,3)
[1,5,3,1,3,1] 1  [1,5,3,3,5,1] 1  [1,5,3,1,2,2] 1  [1,5,3,2,3,2] 1  [1,5,3,3,5,2] 1
[1,5,3,1,3,2] 0  [1,5,3,3,5,2] 0  [1,5,3,1,2,1] 0  [1,5,3,2,3,1] 0  [1,5,3,3,5,1] 0

# Request (2,4,1)
[2,4,1,2,3,1] 1  [2,4,1,3,4,1] 1  [2,4,1,2,4,2] 1
[2,4,1,2,3,2] 0  [2,4,1,3,4,2] 0  [2,4,1,2,4,1] 0

# Request (2,5,2)
[2,5,2,2,3,1] 1  [2,5,2,3,5,1] 1  [2,5,2,2,4,2] 1  [2,5,2,4,5,2] 1
[2,5,2,2,3,2] 0  [2,5,2,3,5,2] 0  [2,5,2,2,4,1] 0  [2,5,2,4,5,1] 0

# Request (3,5,3)
[3,5,3,3,5,1] 1  [3,5,3,3,4,2] 1  [3,5,3,4,5,2] 1
[3,5,3,3,5,2] 0  [3,5,3,3,4,1] 0  [3,5,3,4,5,1] 0;

end;
